0020001172
0020001165
0020001149
0020001138
0020001127
0020001113
0020001101
0020001084
0020001049
0020001032
0020001020
0020001008
0020000992
0020000985
0020000965
0020000954
0020000945
0020000920
0020000903
0020000890
0020000879
0020000864
0020000849
0020000840
0020000824
0020000814
0020000799
0020000792
0020000769
0020000756
0020000748
0020000725
0020000714
0020000707
0020000690
0020000684
0020000669
0020000663
0020000648
0020000633
0020000621
0020000614
0020000588
0020000580
0020000559
0020000539
0020000524
0020000510
0020000495
0020000476
0020000452
0020000444
0020000424
0020000416
0020000398
0020000387
0020000376
0020000353
0020000338
0020000331
0020000315
0020000305
0020000285
0020000277
0020000252
0020000237
0020000217
0020000200
0020000184
0020000172
0020000162
0020000137
0020000126
0020000115
0020000104
0020000084
0020000077
0020000060
0020000054
0020000036
0020000021
0020000004
0020001179
0020001154
0020001142
0020001125
0020001112
0020001097
0020001088
0020001075
0020001065
0020001055
0020001038
0020001033
0020001004
0020000984
0020000977
0020000948
0020000940
0020000924
0020000905
0020000888
0020000875
0020000853
0020000837
0020000832
0020000808
0020000791
0020000782
0020000768
0020000761
0020000747
0020000734
0020000722
0020000696
0020000685
0020000678
0020000664
0020000649
0020000631
0020000612
0020000584
0020000562
0020000557
0020000541
0020000513
0020000500
0020000486
0020000475
0020000465
0020000451
0020000427
0020000412
0020000400
0020000389
0020000370
0020000360
0020000351
0020000337
0020000325
0020000312
0020000294
0020000275
0020000251
0020000242
0020000223
0020000218
0020000202
0020000193
0020000171
0020000159
0020000148
0020000135
0020000111
0020000088
0020000079
0020000055
0020000038
0020000028
0020000014
0020001184
0020001166
0020001156
0020001139
0020001117
0020001099
0020001089
0020001077
0020001052
0020001043
0020001027
0020001017
0020000999
0020000986
0020000970
0020000961
0020000944
0020000929
0020000918
0020000907
0020000893
0020000880
0020000869
0020000856
0020000839
0020000833
0020000818
0020000803
0020000786
0020000774
0020000758
0020000746
0020000731
0020000712
0020000700
0020000671
0020000655
0020000641
0020000632
0020000602
0020000587
0020000569
0020000550
0020000546
0020000530
0020000519
0020000506
0020000488
0020000477
0020000453
0020000445
0020000414
0020000399
0020000385
0020000375
0020000365
0020000339
0020000330
0020000307
0020000265
0020000253
0020000238
0020000228
0020000186
0020000173
0020000160
0020000155
0020000130
0020000113
0020000105
0020000089
0020000081
0020000061
0020000018
0020000002
0020001181
0020001170
0020001159
0020001143
0020001126
0020001118
0020001106
0020001092
0020001083
0020001068
0020001050
0020001012
0020000994
0020000978
0020000971
0020000951
0020000946
0020000930
0020000914
0020000892
0020000847
0020000844
0020000826
0020000811
0020000797
0020000781
0020000766
0020000743
0020000695
0020000688
0020000677
0020000660
0020000644
0020000622
0020000591
0020000574
0020000560
0020000552
0020000538
0020000531
0020000516
0020000494
0020000489
0020000462
0020000446
0020000439
0020000422
0020000415
0020000388
0020000371
0020000355
0020000340
0020000300
0020000289
0020000279
0020000255
0020000229
0020000203
0020000194
0020000169
0020000158
0020000147
0020000141
0020000122
0020000106
0020000091
0020000074
0020000056
0020000039
0020000033
0020000006
0020001185
0020001168
0020001163
0020001144
0020001130
0020001120
0020001100
0020001069
0020001060
0020001044
0020001029
0020001013
0020001000
0020000982
0020000972
0020000956
0020000938
0020000922
0020000909
0020000894
0020000878
0020000862
0020000848
0020000821
0020000815
0020000798
0020000767
0020000745
0020000717
0020000697
0020000673
0020000656
0020000625
0020000609
0020000594
0020000575
0020000561
0020000553
0020000542
0020000527
0020000511
0020000504
0020000474
0020000467
0020000454
0020000431
0020000417
0020000403
0020000379
0020000364
0020000348
0020000327
0020000316
0020000295
0020000266
0020000256
0020000246
0020000241
0020000221
0020000204
0020000187
0020000157
0020000150
0020000143
0020000133
0020000117
0020000102
0020000100
0020000082
0020000067
0020000051
0020000042
0020000022
0020000007
0020001186
0020001177
0020001151
0020001145
0020001119
0020001102
0020001086
0020001071
0020001040
0020001025
0020000996
0020000962
0020000932
0020000917
0020000897
0020000870
0020000865
0020000850
0020000845
0020000828
0020000813
0020000778
0020000770
0020000755
0020000742
0020000718
0020000708
0020000693
0020000683
0020000668
0020000665
0020000650
0020000635
0020000610
0020000596
0020000555
0020000543
0020000518
0020000505
0020000499
0020000482
0020000468
0020000457
0020000432
0020000418
0020000405
0020000392
0020000381
0020000366
0020000342
0020000323
0020000308
0020000284
0020000270
0020000263
0020000250
0020000240
0020000219
0020000213
0020000177
0020000166
0020000152
0020000140
0020000108
0020000097
0020000078
0020000069
0020000043
0020000025
0020000020
0020001188
0020001152
0020001131
0020001123
0020001108
0020001095
0020001080
0020001057
0020001039
0020001031
0020001015
0020001002
0020000983
0020000964
0020000949
0020000933
0020000904
0020000871
0020000860
0020000851
0020000831
0020000805
0020000789
0020000780
0020000765
0020000741
0020000735
0020000720
0020000703
0020000687
0020000643
0020000637
0020000617
0020000606
0020000597
0020000570
0020000563
0020000523
0020000487
0020000473
0020000437
0020000425
0020000411
0020000391
0020000380
0020000358
0020000344
0020000324
0020000310
0020000290
0020000281
0020000267
0020000247
0020000220
0020000215
0020000190
0020000179
0020000168
0020000144
0020000129
0020000116
0020000099
0020000085
0020000071
0020000045
0020000011
0020001175
0020001153
0020001148
0020001115
0020001085
0020001053
0020001048
0020001035
0020001021
0020001003
0020000988
0020000976
0020000957
0020000939
0020000923
0020000910
0020000886
0020000834
0020000812
0020000790
0020000776
0020000738
0020000716
0020000709
0020000698
0020000686
0020000674
0020000657
0020000642
0020000620
0020000615
0020000604
0020000571
0020000549
0020000544
0020000528
0020000507
0020000496
0020000478
0020000464
0020000440
0020000410
0020000404
0020000373
0020000356
0020000303
0020000292
0020000282
0020000239
0020000205
0020000185
0020000156
0020000139
0020000121
0020000098
0020000095
0020000076
0020000058
0020000048
0020000044
0020000023
0020000008
0020001176
0020001167
0020001147
0020001122
0020001103
0020001094
0020001081
0020001047
0020001023
0020001016
0020000975
0020000963
0020000916
0020000846
0020000836
0020000820
0020000800
0020000759
0020000749
0020000737
0020000724
0020000711
0020000676
0020000652
0020000636
0020000627
0020000605
0020000548
0020000540
0020000517
0020000490
0020000484
0020000470
0020000455
0020000448
0020000434
0020000393
0020000367
0020000349
0020000333
0020000319
0020000302
0020000288
0020000278
0020000262
0020000249
0020000227
0020000198
0020000189
0020000181
0020000151
0020000142
0020000125
0020000118
0020000070
0020000049
0020000027
0020000010
0020001162
0020001136
0020001121
0020001107
0020001072
0020001059
0020001028
0020001014
0020001010
0020000998
0020000981
0020000958
0020000942
0020000936
0020000911
0020000896
0020000884
0020000852
0020000807
0020000777
0020000753
0020000739
0020000723
0020000710
0020000702
0020000682
0020000666
0020000651
0020000629
0020000616
0020000599
0020000583
0020000545
0020000529
0020000456
0020000420
0020000397
0020000352
0020000347
0020000334
0020000320
0020000309
0020000297
0020000280
0020000258
0020000230
0020000222
0020000206
0020000180
0020000124
0020000068
0020000047
0020000019
0020000012
0020001183
0020001171
0020001157
0020001141
0020001116
0020001105
0020001091
0020001074
0020001034
0020001019
0020001006
0020000952
0020000927
0020000915
0020000906
0020000891
0020000863
0020000842
0020000822
0020000817
0020000795
0020000773
0020000762
0020000729
0020000691
0020000680
0020000619
0020000600
0020000573
0020000564
0020000547
0020000525
0020000461
0020000447
0020000428
0020000423
0020000409
0020000384
0020000362
0020000336
0020000298
0020000235
0020000226
0020000208
0020000201
0020000136
0020000127
0020000112
0020000103
0020000094
0020000083
0020000065
0020000035
0020000031
0020000016
0020001164
0020001150
0020001134
0020001110
0020001073
0020001058
0020001051
0020001011
0020000995
0020000959
0020000955
0020000937
0020000921
0020000902
0020000861
0020000825
0020000809
0020000788
0020000760
0020000744
0020000715
0020000694
0020000672
0020000634
0020000623
0020000592
0020000581
0020000566
0020000537
0020000526
0020000497
0020000485
0020000472
0020000401
0020000372
0020000345
0020000332
0020000317
0020000287
0020000271
0020000261
0020000244
0020000197
0020000183
0020000176
0020000163
0020000138
0020000092
0020000066
0020000057
0020000040
0020001160
0020001124
0020001093
0020001079
0020001061
0020001045
0020001030
0020001009
0020000931
0020000901
0020000868
0020000859
0020000827
0020000804
0020000754
0020000740
0020000728
0020000721
0020000701
0020000670
0020000624
0020000608
0020000593
0020000586
0020000572
0020000556
0020000491
0020000483
0020000463
0020000442
0020000430
0020000402
0020000390
0020000378
0020000341
0020000329
0020000304
0020000299
0020000272
0020000233
0020000164
0020000131
0020000075
0020000052
0020000041
0020000024
0020001133
0020001104
0020001064
0020001041
0020000991
0020000968
0020000947
0020000900
0020000889
0020000876
0020000858
0020000841
0020000823
0020000802
0020000771
0020000736
0020000726
0020000706
0020000679
0020000661
0020000646
0020000638
0020000628
0020000598
0020000565
0020000551
0020000508
0020000492
0020000443
0020000346
0020000276
0020000254
0020000234
0020000225
0020000212
0020000199
0020000192
0020000178
0020000167
0020000134
0020000101
0020000087
0020000072
0020000063
0020000034
0020001180
0020001155
0020001129
0020001111
0020001082
0020001063
0020001046
0020001037
0020001024
0020000935
0020000881
0020000867
0020000855
0020000816
0020000801
0020000784
0020000775
0020000751
0020000727
0020000654
0020000601
0020000578
0020000568
0020000535
0020000521
0020000480
0020000460
0020000408
0020000374
0020000326
0020000322
0020000273
0020000196
0020000182
0020000154
0020000132
0020000110
0020000086
0020000029
0020000001
0020001140
0020001132
0020001090
0020001056
0020001042
0020001026
0020001005
0020000980
0020000943
0020000919
0020000885
0020000877
0020000857
0020000830
0020000764
0020000699
0020000692
0020000662
0020000647
0020000639
0020000590
0020000576
0020000493
0020000413
0020000396
0020000350
0020000335
0020000311
0020000210
0020000145
0020000123
0020000109
0020000064
0020000050
0020000030
0020000003
0020001174
0020001114
0020001067
0020001054
0020001018
0020000993
0020000969
0020000960
0020000908
0020000843
0020000810
0020000730
0020000713
0020000630
0020000607
0020000512
0020000498
0020000471
0020000458
0020000450
0020000429
0020000377
0020000363
0020000306
0020000286
0020000264
0020000232
0020000175
0020000170
0020000114
0020000090
0020000080
0020000009
0020001078
0020001066
0020000997
0020000967
0020000941
0020000838
0020000796
0020000787
0020000772
0020000750
0020000640
0020000613
0020000579
0020000536
0020000522
0020000514
0020000501
0020000466
0020000435
0020000406
0020000361
0020000313
0020000293
0020000283
0020000224
0020000209
0020000188
0020000161
0020000062
0020000015
0020001187
0020001161
0020001146
0020001076
0020000990
0020000974
0020000934
0020000895
0020000883
0020000835
0020000806
0020000681
0020000659
0020000653
0020000618
0020000603
0020000582
0020000558
0020000534
0020000469
0020000449
0020000433
0020000407
0020000357
0020000343
0020000318
0020000296
0020000245
0020000231
0020000216
0020000059
0020000026
0020001178
0020001137
0020001109
0020000987
0020000966
0020000950
0020000925
0020000899
0020000887
0020000873
0020000819
0020000783
0020000733
0020000704
0020000577
0020000533
0020000509
0020000441
0020000426
0020000419
0020000395
0020000291
0020000268
0020000207
0020000153
0020000120
0020000053
0020000046
0020001169
0020001135
0020001096
0020001087
0020000989
0020000912
0020000872
0020000785
0020000779
0020000757
0020000719
0020000667
0020000611
0020000585
0020000421
0020000394
0020000383
0020000368
0020000359
0020000314
0020000259
0020000214
0020000191
0020000032
0020001189
0020001070
0020001036
0020001022
0020000874
0020000866
0020000752
0020000732
0020000626
0020000595
0020000554
0020000515
0020000479
0020000386
0020000301
0020000248
0020000165
0020000119
0020000107
0020000093
0020000898
0020000882
0020000793
0020000689
0020000675
0020000645
0020000520
0020000502
0020000481
0020000436
0020000382
0020000321
0020000269
0020000096
0020000073
0020000013
0020001182
0020001173
0020001128
0020001007
0020000979
0020000913
0020000794
0020000567
0020000532
0020000503
0020000354
0020000257
0020000211
0020000149
0020000037
0020000005
0020001062
0020001001
0020000973
0020000854
0020000829
0020000705
0020000658
0020000274
0020000236
0020000195
0020000928
0020000763
0020000459
0020000369
0020000260
0020000174
0020000953
0020000926
0020000589
0020000438
0020000328
0020000243
0020000017
0020001158
0020001098
0020000146
0020000128
