0020701222
0020701211
0020701189
0020701181
0020701154
0020701138
0020701127
0020701115
0020701101
0020701092
0020701077
0020701061
0020701054
0020701031
0020701010
0020700991
0020700985
0020700967
0020700952
0020700940
0020700926
0020700914
0020700904
0020700889
0020700877
0020700860
0020700847
0020700834
0020700821
0020700814
0020700797
0020700789
0020700766
0020700758
0020700741
0020700730
0020700713
0020700698
0020700688
0020700674
0020700662
0020700646
0020700637
0020700619
0020700599
0020700573
0020700568
0020700554
0020700542
0020700526
0020700510
0020700484
0020700474
0020700460
0020700434
0020700410
0020700383
0020700367
0020700354
0020700340
0020700332
0020700307
0020700302
0020700288
0020700273
0020700256
0020700251
0020700227
0020700213
0020700208
0020700188
0020700159
0020700150
0020700136
0020700123
0020700106
0020700086
0020700068
0020700056
0020700045
0020700039
0020700019
0020701221
0020701206
0020701180
0020701166
0020701157
0020701139
0020701116
0020701109
0020701093
0020701076
0020701063
0020701044
0020701033
0020701017
0020701002
0020700997
0020700980
0020700966
0020700954
0020700939
0020700929
0020700917
0020700899
0020700859
0020700849
0020700836
0020700827
0020700812
0020700799
0020700785
0020700769
0020700759
0020700749
0020700732
0020700715
0020700708
0020700676
0020700659
0020700644
0020700628
0020700613
0020700595
0020700576
0020700566
0020700548
0020700534
0020700524
0020700511
0020700485
0020700475
0020700462
0020700448
0020700441
0020700421
0020700417
0020700403
0020700381
0020700369
0020700351
0020700330
0020700318
0020700291
0020700280
0020700263
0020700242
0020700228
0020700221
0020700204
0020700185
0020700172
0020700158
0020700142
0020700121
0020700108
0020700098
0020700081
0020700058
0020700035
0020700021
0020701219
0020701204
0020701197
0020701179
0020701168
0020701137
0020701123
0020701114
0020701095
0020701085
0020701062
0020701036
0020701024
0020701011
0020700992
0020700987
0020700963
0020700955
0020700941
0020700924
0020700909
0020700900
0020700875
0020700861
0020700839
0020700826
0020700807
0020700792
0020700781
0020700768
0020700754
0020700744
0020700724
0020700690
0020700677
0020700672
0020700643
0020700627
0020700612
0020700606
0020700570
0020700558
0020700527
0020700503
0020700490
0020700477
0020700438
0020700419
0020700405
0020700402
0020700379
0020700370
0020700355
0020700344
0020700331
0020700308
0020700287
0020700264
0020700257
0020700224
0020700214
0020700193
0020700183
0020700165
0020700151
0020700124
0020700107
0020700094
0020700092
0020700077
0020700060
0020700053
0020700041
0020700020
0020700008
0020701227
0020701214
0020701194
0020701187
0020701170
0020701159
0020701149
0020701131
0020701117
0020701105
0020701094
0020701053
0020701012
0020700995
0020700986
0020700970
0020700959
0020700930
0020700918
0020700886
0020700879
0020700863
0020700851
0020700832
0020700820
0020700811
0020700795
0020700771
0020700763
0020700739
0020700720
0020700703
0020700685
0020700669
0020700653
0020700641
0020700631
0020700615
0020700601
0020700579
0020700569
0020700543
0020700528
0020700515
0020700488
0020700483
0020700468
0020700453
0020700422
0020700413
0020700395
0020700377
0020700361
0020700345
0020700336
0020700322
0020700299
0020700282
0020700267
0020700238
0020700198
0020700191
0020700178
0020700164
0020700147
0020700135
0020700125
0020700111
0020700093
0020700088
0020700073
0020700062
0020700052
0020700040
0020700022
0020700010
0020701225
0020701207
0020701200
0020701167
0020701155
0020701141
0020701086
0020701060
0020701035
0020701016
0020701001
0020700971
0020700949
0020700937
0020700893
0020700862
0020700848
0020700833
0020700829
0020700809
0020700793
0020700778
0020700742
0020700725
0020700722
0020700706
0020700694
0020700670
0020700660
0020700642
0020700632
0020700617
0020700604
0020700588
0020700582
0020700564
0020700555
0020700523
0020700506
0020700486
0020700469
0020700458
0020700450
0020700443
0020700427
0020700414
0020700396
0020700365
0020700363
0020700335
0020700317
0020700311
0020700279
0020700265
0020700253
0020700239
0020700192
0020700182
0020700155
0020700144
0020700140
0020700118
0020700082
0020700064
0020700049
0020700031
0020700024
0020700007
0020701202
0020701195
0020701174
0020701160
0020701144
0020701135
0020701120
0020701104
0020701096
0020701071
0020701055
0020701040
0020701003
0020700984
0020700973
0020700960
0020700944
0020700931
0020700911
0020700887
0020700876
0020700865
0020700856
0020700828
0020700810
0020700779
0020700774
0020700752
0020700746
0020700733
0020700718
0020700699
0020700697
0020700652
0020700647
0020700633
0020700611
0020700596
0020700591
0020700552
0020700540
0020700533
0020700516
0020700492
0020700481
0020700466
0020700416
0020700388
0020700375
0020700359
0020700347
0020700314
0020700303
0020700292
0020700274
0020700269
0020700230
0020700215
0020700199
0020700190
0020700175
0020700160
0020700154
0020700138
0020700117
0020700100
0020700085
0020700065
0020700043
0020700033
0020701228
0020701201
0020701193
0020701173
0020701162
0020701151
0020701142
0020701111
0020701103
0020701087
0020701048
0020701041
0020701021
0020701007
0020700999
0020700989
0020700974
0020700961
0020700945
0020700932
0020700922
0020700906
0020700883
0020700866
0020700853
0020700835
0020700819
0020700767
0020700761
0020700736
0020700719
0020700705
0020700693
0020700668
0020700634
0020700607
0020700592
0020700571
0020700547
0020700530
0020700498
0020700496
0020700478
0020700470
0020700445
0020700433
0020700415
0020700404
0020700389
0020700380
0020700352
0020700348
0020700293
0020700270
0020700247
0020700233
0020700222
0020700209
0020700189
0020700177
0020700169
0020700139
0020700114
0020700080
0020700071
0020700046
0020700023
0020700011
0020701230
0020701209
0020701196
0020701163
0020701130
0020701110
0020701072
0020701051
0020701043
0020701028
0020701015
0020701004
0020700983
0020700965
0020700962
0020700927
0020700916
0020700898
0020700884
0020700867
0020700844
0020700786
0020700775
0020700757
0020700743
0020700686
0020700661
0020700650
0020700624
0020700603
0020700589
0020700565
0020700559
0020700545
0020700532
0020700518
0020700499
0020700452
0020700418
0020700392
0020700373
0020700358
0020700350
0020700338
0020700323
0020700313
0020700300
0020700285
0020700271
0020700255
0020700248
0020700223
0020700218
0020700203
0020700184
0020700170
0020700153
0020700141
0020700130
0020700116
0020700034
0020700027
0020700003
0020701226
0020701208
0020701184
0020701171
0020701152
0020701136
0020701125
0020701112
0020701090
0020701065
0020701049
0020701038
0020700988
0020700972
0020700943
0020700905
0020700864
0020700842
0020700800
0020700773
0020700756
0020700702
0020700692
0020700682
0020700649
0020700636
0020700620
0020700600
0020700590
0020700560
0020700529
0020700513
0020700501
0020700487
0020700473
0020700440
0020700426
0020700401
0020700374
0020700321
0020700301
0020700294
0020700281
0020700268
0020700241
0020700217
0020700202
0020700173
0020700137
0020700126
0020700113
0020700099
0020700089
0020700074
0020700050
0020700032
0020700013
0020700002
0020701175
0020701124
0020701121
0020701089
0020701080
0020701066
0020701039
0020701026
0020700996
0020700977
0020700953
0020700942
0020700933
0020700923
0020700908
0020700888
0020700874
0020700854
0020700822
0020700813
0020700798
0020700777
0020700755
0020700738
0020700726
0020700700
0020700684
0020700655
0020700640
0020700621
0020700602
0020700593
0020700580
0020700561
0020700519
0020700493
0020700455
0020700429
0020700420
0020700398
0020700364
0020700353
0020700333
0020700316
0020700309
0020700295
0020700284
0020700272
0020700261
0020700244
0020700179
0020700115
0020700072
0020700057
0020700036
0020701216
0020701198
0020701161
0020701150
0020701122
0020701098
0020701082
0020701069
0020701027
0020701018
0020700951
0020700938
0020700895
0020700868
0020700857
0020700843
0020700830
0020700796
0020700772
0020700753
0020700745
0020700728
0020700710
0020700696
0020700679
0020700675
0020700664
0020700618
0020700572
0020700553
0020700546
0020700531
0020700504
0020700497
0020700482
0020700432
0020700406
0020700400
0020700382
0020700326
0020700259
0020700249
0020700231
0020700210
0020700196
0020700162
0020700152
0020700129
0020700101
0020700076
0020700042
0020700026
0020701203
0020701182
0020701143
0020701128
0020701100
0020701070
0020701059
0020701046
0020701030
0020701023
0020701006
0020701000
0020700968
0020700956
0020700901
0020700885
0020700869
0020700838
0020700818
0020700723
0020700717
0020700701
0020700683
0020700667
0020700638
0020700622
0020700587
0020700575
0020700514
0020700505
0020700494
0020700464
0020700435
0020700424
0020700408
0020700393
0020700378
0020700357
0020700343
0020700325
0020700304
0020700275
0020700254
0020700206
0020700186
0020700134
0020700109
0020700096
0020700087
0020700070
0020700059
0020700038
0020700017
0020700012
0020701224
0020701192
0020701164
0020701146
0020701132
0020701113
0020701107
0020701078
0020700958
0020700946
0020700935
0020700919
0020700902
0020700881
0020700872
0020700855
0020700808
0020700794
0020700740
0020700711
0020700666
0020700658
0020700645
0020700625
0020700623
0020700608
0020700551
0020700538
0020700500
0020700495
0020700479
0020700451
0020700439
0020700397
0020700371
0020700346
0020700320
0020700305
0020700297
0020700286
0020700240
0020700226
0020700207
0020700110
0020700090
0020700047
0020700015
0020700005
0020701213
0020701191
0020701178
0020701153
0020701148
0020701134
0020701119
0020701108
0020701091
0020701079
0020701034
0020701020
0020701013
0020700982
0020700975
0020700948
0020700921
0020700907
0020700892
0020700882
0020700845
0020700841
0020700801
0020700783
0020700760
0020700748
0020700648
0020700616
0020700581
0020700536
0020700465
0020700442
0020700431
0020700387
0020700334
0020700315
0020700306
0020700290
0020700237
0020700229
0020700127
0020700112
0020700084
0020700048
0020700037
0020701212
0020701176
0020701140
0020701129
0020701106
0020701084
0020701075
0020701064
0020701045
0020701029
0020700979
0020700903
0020700894
0020700878
0020700837
0020700817
0020700805
0020700764
0020700727
0020700714
0020700609
0020700594
0020700567
0020700549
0020700512
0020700502
0020700476
0020700459
0020700423
0020700412
0020700362
0020700342
0020700298
0020700266
0020700246
0020700236
0020700205
0020700181
0020700168
0020700148
0020700122
0020700063
0020700028
0020700018
0020701220
0020701169
0020701156
0020701145
0020701118
0020701073
0020701022
0020700993
0020700928
0020700915
0020700870
0020700850
0020700824
0020700806
0020700791
0020700780
0020700729
0020700716
0020700695
0020700687
0020700671
0020700629
0020700574
0020700556
0020700544
0020700525
0020700480
0020700463
0020700411
0020700384
0020700356
0020700319
0020700289
0020700276
0020700245
0020700197
0020700161
0020700128
0020700102
0020700069
0020701218
0020701052
0020701019
0020701008
0020700978
0020700897
0020700890
0020700846
0020700825
0020700804
0020700790
0020700782
0020700689
0020700680
0020700630
0020700614
0020700605
0020700585
0020700563
0020700537
0020700508
0020700436
0020700385
0020700341
0020700328
0020700278
0020700232
0020700220
0020700201
0020700171
0020700166
0020700097
0020700079
0020700054
0020700029
0020700016
0020701205
0020701190
0020701177
0020701009
0020700947
0020700910
0020700858
0020700831
0020700770
0020700737
0020700709
0020700657
0020700598
0020700586
0020700539
0020700517
0020700507
0020700461
0020700449
0020700437
0020700425
0020700391
0020700368
0020700329
0020700258
0020700234
0020700219
0020700133
0020700119
0020700105
0020700067
0020700030
0020700006
0020701217
0020701188
0020701165
0020701074
0020700976
0020700957
0020700913
0020700873
0020700765
0020700707
0020700639
0020700610
0020700583
0020700550
0020700509
0020700467
0020700456
0020700444
0020700430
0020700394
0020700327
0020700225
0020700212
0020700174
0020700149
0020700120
0020700066
0020700055
0020700004
0020701229
0020701172
0020701158
0020701047
0020701014
0020701005
0020700981
0020700950
0020700936
0020700920
0020700896
0020700840
0020700823
0020700750
0020700734
0020700704
0020700678
0020700522
0020700471
0020700447
0020700399
0020700360
0020700324
0020700277
0020700262
0020700167
0020700156
0020700044
0020700014
0020701215
0020701186
0020701147
0020701088
0020701057
0020701050
0020700964
0020700815
0020700802
0020700787
0020700731
0020700541
0020700489
0020700454
0020700407
0020700376
0020700337
0020700312
0020700252
0020700243
0020700180
0020700145
0020700131
0020700103
0020700075
0020700001
0020701210
0020701097
0020701081
0020701067
0020701032
0020701025
0020700990
0020700803
0020700762
0020700735
0020700721
0020700673
0020700651
0020700635
0020700577
0020700562
0020700521
0020700339
0020700260
0020700200
0020700143
0020700095
0020700051
0020700025
0020701223
0020701185
0020701133
0020700969
0020700784
0020700751
0020700712
0020700663
0020700654
0020700597
0020700520
0020700446
0020700428
0020700372
0020700283
0020700216
0020700195
0020700176
0020700009
0020701083
0020701068
0020701037
0020700934
0020700891
0020700788
0020700776
0020700578
0020700491
0020700390
0020700349
0020700146
0020700132
0020700091
0020700078
0020700061
0020701199
0020701126
0020701099
0020701058
0020700998
0020700912
0020700880
0020700665
0020700656
0020700557
0020700472
0020700250
0020700235
0020700211
0020700163
0020700104
0020701102
0020701056
0020700871
0020700852
0020700691
0020700681
0020700366
0020700194
0020700083
0020700994
0020700626
0020700584
0020700386
0020700310
0020700187
0020701183
0020701042
0020700925
0020700816
0020700457
0020700409
0020700157
0020700747
0020700535
0020700296
